[gd_scene load_steps=4 format=3 uid="uid://cfv48sru3eejw"]

[ext_resource type="PackedScene" uid="uid://t1mbm5iepcpu" path="res://post_fx_camera/PostFXCamera3D.tscn" id="1_hviw4"]

[sub_resource type="PlaneMesh" id="PlaneMesh_qq23v"]
size = Vector2(200, 200)

[sub_resource type="BoxMesh" id="BoxMesh_510bs"]

[node name="Node3D" type="Node3D"]

[node name="Camera3D" parent="." instance=ExtResource("1_hviw4")]

[node name="Plane" type="MeshInstance3D" parent="."]
transform = Transform3D(1, 0, 0, 0, 1, 0, 0, 0, 1, -0.00771761, 0.443718, -0.194767)
mesh = SubResource("PlaneMesh_qq23v")

[node name="Box" type="MeshInstance3D" parent="."]
transform = Transform3D(1, 0, 0, 0, 1, 0, 0, 0, 1, 0.267471, 0.42034, -5.71951)
mesh = SubResource("BoxMesh_510bs")

[node name="Box2" type="MeshInstance3D" parent="."]
transform = Transform3D(1, 0, 0, 0, 1, 0, 0, 0, 1, -3.25699, 0.42034, -11.9123)
mesh = SubResource("BoxMesh_510bs")

[node name="Box3" type="MeshInstance3D" parent="."]
transform = Transform3D(1, 0, 0, 0, 1, 0, 0, 0, 1, -7.88928, 0.42034, -5.71951)
mesh = SubResource("BoxMesh_510bs")

[node name="Box4" type="MeshInstance3D" parent="."]
transform = Transform3D(1, 0, 0, 0, 1, 0, 0, 0, 1, -3.25699, 0.42034, 0.109269)
mesh = SubResource("BoxMesh_510bs")

[node name="OmniLight3D" type="OmniLight3D" parent="."]
transform = Transform3D(1, 0, 0, 0, 0.896409, -0.443228, 0, 0.443228, 0.896409, 0, 2.11532, -3.24632)
light_color = Color(0.937255, 0.431373, 0.996078, 1)

[node name="OmniLight3D2" type="OmniLight3D" parent="."]
transform = Transform3D(1, 0, 0, 0, 0.896409, -0.443228, 0, 0.443228, 0.896409, -5.48855, 2.11532, -7.32294)
light_color = Color(0.419608, 0.780392, 0.494118, 1)

[node name="OmniLight3D3" type="OmniLight3D" parent="."]
transform = Transform3D(1, 0, 0, 0, 0.896409, -0.443228, 0, 0.443228, 0.896409, -4.69355, 2.11532, -12.3157)
light_color = Color(0.752941, 0.701961, 0.14902, 1)
