[gd_scene load_steps=5 format=3 uid="uid://cfv48sru3eejw"]

[ext_resource type="PackedScene" uid="uid://t1mbm5iepcpu" path="res://post_fx_camera/PostFXCamera3D.tscn" id="1_hviw4"]
[ext_resource type="Environment" uid="uid://cwylxkwiog5hl" path="res://post_fx_camera/Environment.tres" id="1_k6284"]

[sub_resource type="PlaneMesh" id="PlaneMesh_qq23v"]
size = Vector2(200, 200)

[sub_resource type="BoxMesh" id="BoxMesh_510bs"]
size = Vector3(1, 2, 1)

[node name="Node3D" type="Node3D"]

[node name="WorldEnvironment" type="WorldEnvironment" parent="."]
environment = ExtResource("1_k6284")

[node name="Camera3D" parent="." instance=ExtResource("1_hviw4")]
transform = Transform3D(0.883463, -0.207579, 0.420005, 1.58994e-08, 0.896486, 0.443071, -0.468501, -0.391437, 0.792013, 0.770116, 3.0316, 3.43009)

[node name="Plane" type="MeshInstance3D" parent="."]
transform = Transform3D(1, 0, 0, 0, 1, 0, 0, 0, 1, -0.00771761, 0.443718, -0.194767)
mesh = SubResource("PlaneMesh_qq23v")

[node name="Box" type="MeshInstance3D" parent="."]
transform = Transform3D(0.779261, 0.626699, 0, -0.626699, 0.779261, 0, 0, 0, 1, 0.267471, 0.42034, -5.71951)
mesh = SubResource("BoxMesh_510bs")

[node name="Box2" type="MeshInstance3D" parent="."]
transform = Transform3D(0.818992, 0.445602, -0.361512, -0.573805, 0.636008, -0.515986, 0, 0.630025, 0.776574, -2.83244, 0.42034, -9.58295)
mesh = SubResource("BoxMesh_510bs")

[node name="Box3" type="MeshInstance3D" parent="."]
transform = Transform3D(0.72174, 0.596397, 0.351286, -0.636994, 0.770869, 0, -0.270796, -0.223767, 0.936268, -6.92521, 0.414497, -4.47109)
mesh = SubResource("BoxMesh_510bs")

[node name="Box4" type="MeshInstance3D" parent="."]
transform = Transform3D(0.821418, 0.457252, -0.340872, -0.486381, 0.873747, 0, 0.297836, 0.165794, 0.94011, -3.25699, 0.42034, -0.321509)
mesh = SubResource("BoxMesh_510bs")

[node name="OmniLight3D" type="OmniLight3D" parent="."]
transform = Transform3D(1, 0, 0, 0, 0.896409, -0.443228, 0, 0.443228, 0.896409, 0, 2.11532, -3.24632)

[node name="OmniLight3D2" type="OmniLight3D" parent="."]
transform = Transform3D(1, 0, 0, 0, 0.896409, -0.443228, 0, 0.443228, 0.896409, -5.48855, 2.11532, -7.32294)

[node name="OmniLight3D3" type="OmniLight3D" parent="."]
transform = Transform3D(1, 0, 0, 0, 0.896409, -0.443228, 0, 0.443228, 0.896409, -4.69355, 2.11532, -12.3157)
